1   [0.0, 0.0, 1.0, 0.0, 1.0]
122882   [0.0, 0.0, 0.0, 0.0, 1.0]
6   [0.0, 1, 0.0, 0, 1.0]
8199   [0.0, 0.0, 0, 0.0, 1.0]
10   [0.0, 0.0, 0.0, 0.0, 1.0]
11   [1.0, 0.0, 1.0, 1.0, 1.0]
122892   [0.0, 0.0, 1, 0.0, 1.0]
81932   [0.0, 0.0, 0.0, 0.0, 1]
14   [0.0, 0.0, 0, 1, 1.0]
8207   [0.0, 0, 0.0, 1, 1.0]
16   [0, 0.0, 0.0, 0, 1.0]
17   [0.0, 1.0, 1, 1.0, 0]
122896   [0.0, 1, 0.0, 0.0, 1.0]
19   [0.0, 0, 0.0, 0.0, 1.0]
122898   [0.0, 0.0, 0.0, 0.0, 1.0]
25   [0.0, 1.0, 0.0, 0, 1]
28   [0.0, 0, 0, 1.0, 1.0]
31   [0.0, 1.0, 0.0, 0.0, 1.0]
32   [0.0, 0.0, 0, 0.0, 1.0]
34   [0.0, 1.0, 0.0, 0, 1]
8228   [0.0, 0.0, 0.0, 0.0, 1.0]
36   [0.0, 0, 0, 0, 1]
122918   [0.0, 0.0, 0.0, 0.0, 1.0]
39   [0.0, 1.0, 0.0, 0.0, 0.0]
8235   [0.0, 0.0, 0.0, 1.0, 1.0]
122924   [0.0, 0.0, 0, 0.0, 1.0]
45   [0, 1.0, 0.0, 0.0, 1.0]
50   [0.0, 0.0, 0.0, 0.0, 1.0]
98361   [0.0, 1, 0.0, 0.0, 1.0]
62   [0.0, 1.0, 1.0, 0.0, 1.0]
8261   [1.0, 1.0, 0.0, 0.0, 1.0]
70   [0.0, 0.0, 0.0, 0.0, 1.0]
8268   [0.0, 1.0, 0.0, 0.0, 1.0]
88   [1.0, 0.0, 1, 1, 1.0]
95   [0.0, 0.0, 1.0, 0.0, 1.0]
104   [0.0, 0.0, 1, 1, 1]
105   [0.0, 0, 1, 1, 1.0]
110   [0.0, 0.0, 0, 0.0, 1.0]
111   [0.0, 1.0, 0.0, 1, 1.0]
49272   [0.0, 0.0, 0.0, 0.0, 1.0]
49274   [0.0, 0.0, 0.0, 0.0, 1.0]
123   [1, 1.0, 0.0, 1, 0]
49278   [0.0, 0.0, 1, 1, 1.0]
49286   [1.0, 1, 1, 1.0, 1.0]
135   [1.0, 0.0, 0.0, 0.0, 1.0]
141   [0.0, 1.0, 1, 0, 1.0]
145   [0.0, 0.0, 0.0, 0.0, 1.0]
147   [0.0, 0, 0.0, 0.0, 1.0]
150   [0.0, 0.0, 1, 0.0, 1.0]
73881   [0.0, 1.0, 1, 0, 1]
57504   [0.0, 1.0, 1.0, 0.0, 0.0]
161   [0.0, 0.0, 0.0, 0.0, 1.0]
163   [0.0, 1, 1.0, 0, 1.0]
131237   [1.0, 0.0, 0.0, 1.0, 1.0]
166   [0, 1.0, 1, 0.0, 1.0]
8360   [0.0, 0, 1, 0, 1.0]
175   [1, 1.0, 1.0, 0, 1.0]
8368   [0.0, 1.0, 0.0, 0.0, 1.0]
8371   [0.0, 1.0, 0.0, 0.0, 1.0]
190   [0.0, 0, 1, 1.0, 1]
106696   [0.0, 1.0, 1.0, 0.0, 1.0]
203   [0.0, 0.0, 1, 1.0, 1.0]
204   [0.0, 0.0, 1.0, 0.0, 1.0]
215   [1.0, 0.0, 1.0, 1.0, 1.0]
216   [0.0, 0.0, 0.0, 0.0, 1.0]
223   [1, 1.0, 1, 1.0, 0.0]
231   [0.0, 0.0, 1, 1.0, 1.0]
235   [0.0, 0, 0.0, 0.0, 1.0]
33004   [0.0, 0.0, 0.0, 0.0, 1.0]
90357   [0.0, 1, 0.0, 0.0, 1.0]
114935   [0.0, 0.0, 0.0, 0.0, 1.0]
82169   [0.0, 1, 1.0, 0.0, 1.0]
253   [0.0, 1.0, 0.0, 0, 1.0]
90374   [0.0, 1.0, 1.0, 0.0, 1.0]
262   [0.0, 1.0, 1.0, 1.0, 1.0]
90376   [0.0, 1, 0.0, 0.0, 1.0]
266   [0.0, 1, 0.0, 0.0, 1]
106766   [0.0, 1.0, 0.0, 0.0, 1.0]
277   [0.0, 1.0, 1, 0.0, 1.0]
282   [1.0, 1.0, 1.0, 0.0, 1.0]
288   [0.0, 0.0, 0.0, 0.0, 1.0]
106785   [0.0, 0.0, 0.0, 0.0, 1.0]
292   [0.0, 0.0, 0.0, 0.0, 1.0]
90405   [0.0, 1, 0.0, 0, 1.0]
296   [0.0, 0.0, 0.0, 1.0, 1.0]
8491   [0.0, 0, 0, 0.0, 1.0]
300   [0.0, 0.0, 0, 0.0, 1.0]
8507   [0.0, 1.0, 0.0, 0.0, 1.0]
316   [0.0, 0.0, 0.0, 0.0, 1.0]
318   [0.0, 0, 0.0, 0, 1.0]
90430   [1.0, 1.0, 1.0, 0.0, 1.0]
8516   [0.0, 0, 0.0, 0.0, 1.0]
57669   [1, 0.0, 0.0, 0.0, 1.0]
326   [0.0, 1.0, 0.0, 0.0, 1.0]
327   [0.0, 1.0, 0.0, 0.0, 1.0]
65868   [0.0, 1.0, 0.0, 0.0, 1.0]
333   [0.0, 1.0, 0.0, 1.0, 0.0]
8528   [0.0, 0, 0.0, 0.0, 1]
8529   [0.0, 1.0, 0.0, 0.0, 1.0]
337   [0.0, 1.0, 1.0, 0, 0.0]
339   [0.0, 1.0, 1.0, 1.0, 0.0]
8533   [0.0, 1.0, 0.0, 1.0, 1.0]
344   [0.0, 1.0, 0.0, 0.0, 1.0]
349   [0.0, 0.0, 1.0, 0.0, 1.0]
350   [1, 0.0, 0, 0, 1.0]
8542   [0.0, 0.0, 0.0, 0.0, 1.0]
353   [0.0, 0.0, 0.0, 0.0, 1.0]
356   [1.0, 0, 1, 1.0, 1.0]
357   [1, 1.0, 0.0, 1, 1.0]
364   [0.0, 1, 0.0, 0.0, 1.0]
370   [0.0, 0.0, 0.0, 0.0, 1.0]
377   [0.0, 0.0, 1, 1.0, 1.0]
49530   [0.0, 0.0, 0.0, 0.0, 1.0]
380   [0.0, 1, 0.0, 0.0, 1.0]
33162   [0.0, 1.0, 0.0, 0.0, 1.0]
407   [0.0, 0, 0.0, 0, 1.0]
410   [1.0, 1.0, 1.0, 0.0, 0.0]
8607   [0.0, 1.0, 0.0, 0.0, 0.0]
90531   [1, 1.0, 1.0, 1.0, 1.0]
106916   [0.0, 1.0, 0.0, 0.0, 1.0]
106920   [0.0, 1.0, 0.0, 0.0, 1.0]
431   [0.0, 0, 0.0, 0.0, 1.0]
8623   [1, 1.0, 0.0, 0.0, 1.0]
123310   [1.0, 1.0, 1.0, 1.0, 1.0]
441   [1, 1, 0.0, 1.0, 0]
8636   [0.0, 0.0, 0.0, 0.0, 1.0]
8638   [0.0, 1.0, 1.0, 0.0, 1.0]
8641   [1.0, 0.0, 0.0, 0.0, 1.0]
8644   [0.0, 0.0, 0.0, 0.0, 1.0]
8645   [0.0, 1.0, 1.0, 0.0, 0.0]
454   [0, 1, 1, 1.0, 1]
457   [0.0, 1.0, 0.0, 0.0, 1.0]
8665   [0.0, 1, 0.0, 0.0, 1.0]
474   [0.0, 0.0, 0.0, 0.0, 1.0]
480   [0.0, 0.0, 1.0, 0, 1.0]
481   [0.0, 1.0, 0.0, 0.0, 1.0]
497   [0.0, 1, 1.0, 1.0, 1.0]
74228   [0.0, 1, 1.0, 1, 1.0]
501   [0.0, 1, 0, 0.0, 1.0]
506   [0.0, 0.0, 1.0, 1.0, 1.0]
508   [0.0, 1.0, 0.0, 0, 1.0]
509   [0.0, 1.0, 0.0, 1.0, 1.0]
515   [0.0, 0.0, 0.0, 1.0, 1.0]
520   [0.0, 1.0, 0.0, 1.0, 1.0]
115210   [0.0, 1.0, 0.0, 0.0, 1.0]
524   [0.0, 0.0, 0.0, 0.0, 1.0]
527   [0.0, 1, 0.0, 0.0, 1.0]
534   [0.0, 0.0, 0.0, 1.0, 1.0]
90647   [0.0, 1.0, 0.0, 0.0, 1.0]
82459   [0.0, 1.0, 0.0, 0.0, 1.0]
539   [0.0, 1.0, 0.0, 1.0, 1.0]
541   [0.0, 1, 0.0, 0.0, 1.0]
82463   [0.0, 1.0, 0.0, 1.0, 1.0]
98852   [0.0, 1.0, 0.0, 0, 1.0]
551   [0.0, 0.0, 0.0, 0.0, 1.0]
555   [0.0, 0.0, 0.0, 0.0, 1.0]
66097   [0.0, 1.0, 0.0, 0, 1]
107069   [0.0, 0.0, 1.0, 0.0, 1.0]
8772   [0.0, 0.0, 0.0, 1.0, 1.0]
107081   [0.0, 1.0, 0.0, 0.0, 1.0]
587   [0.0, 1.0, 0.0, 0.0, 1.0]
588   [0.0, 0.0, 0.0, 0.0, 1.0]
589   [0.0, 0, 0.0, 0.0, 1.0]
590   [0.0, 0.0, 0.0, 0.0, 1.0]
8784   [0, 1.0, 1, 0, 1]
593   [0.0, 1.0, 0.0, 0.0, 1.0]
594   [0.0, 1.0, 1, 1, 1]
595   [0.0, 1.0, 0.0, 0.0, 1.0]
596   [0.0, 1.0, 0.0, 0.0, 1.0]
592   [0.0, 0.0, 1, 0.0, 1.0]
599   [0.0, 0, 0.0, 0.0, 1.0]
597   [1, 1.0, 0, 1, 1.0]
8798   [0.0, 0, 0.0, 1, 1.0]
41566   [0.0, 1.0, 1.0, 0.0, 1.0]
608   [0, 1, 0, 0.0, 1.0]
41569   [0.0, 1.0, 1.0, 0.0, 1.0]
8800   [0.0, 1, 0.0, 1.0, 1.0]
610   [0.0, 0.0, 0.0, 0.0, 1.0]
8807   [0.0, 1.0, 0.0, 1.0, 1.0]
616   [0.0, 1.0, 0.0, 1.0, 1.0]
628   [0.0, 1.0, 0.0, 1, 1.0]
107141   [1, 1.0, 0.0, 1.0, 1.0]
98956   [0.0, 1.0, 0.0, 0.0, 1.0]
98961   [0.0, 0.0, 0.0, 0.0, 1.0]
661   [0.0, 1.0, 1.0, 1.0, 1.0]
668   [0.0, 1.0, 1.0, 0, 1.0]
33437   [0.0, 1.0, 0.0, 0.0, 1.0]
8861   [0.0, 0.0, 0.0, 0.0, 1.0]
8873   [0.0, 0, 1.0, 1, 1.0]
8874   [1, 1, 0, 0.0, 1.0]
58025   [0, 1.0, 1, 0, 1.0]
74416   [1.0, 1.0, 1.0, 0.0, 1.0]
115381   [0.0, 1.0, 1.0, 1.0, 1.0]
58047   [1.0, 1.0, 0.0, 1.0, 0.0]
714   [0.0, 1, 1, 0, 1.0]
8914   [0.0, 0, 0.0, 0.0, 1.0]
724   [0.0, 0, 1, 0.0, 1.0]
74458   [0.0, 1.0, 1.0, 0.0, 1.0]
733   [0.0, 0.0, 0.0, 0.0, 1.0]
741   [0.0, 0.0, 0.0, 0.0, 1.0]
82667   [0.0, 1.0, 0.0, 0.0, 1.0]
750   [0.0, 0.0, 0.0, 0.0, 1.0]
90866   [0.0, 0.0, 0.0, 0.0, 1.0]
49910   [0.0, 1.0, 0, 0.0, 0.0]
8957   [0.0, 0.0, 0.0, 0.0, 1.0]
8958   [1.0, 0.0, 1.0, 0.0, 1.0]
8961   [0.0, 1.0, 0.0, 0, 1]
8965   [0.0, 0.0, 1.0, 1.0, 1.0]
778   [0.0, 1.0, 0.0, 0.0, 1.0]
8970   [0.0, 1.0, 0.0, 1.0, 1.0]
780   [0.0, 0.0, 0.0, 0.0, 1.0]
49932   [0.0, 0.0, 0.0, 0.0, 1.0]
799   [0.0, 1.0, 0, 0.0, 1.0]
805   [0.0, 0.0, 0.0, 0.0, 1.0]
99112   [0.0, 0, 0.0, 0, 1.0]
99114   [0.0, 1.0, 0.0, 0.0, 1.0]
9005   [0.0, 0.0, 0, 0.0, 1.0]
832   [0.0, 1.0, 0.0, 0, 1.0]
66371   [0.0, 1.0, 0.0, 0.0, 0.0]
838   [0.0, 1.0, 0.0, 0.0, 1.0]
33610   [0.0, 0.0, 1.0, 0.0, 1.0]
99149   [0.0, 1.0, 0.0, 0.0, 1.0]
33615   [1.0, 0.0, 1.0, 1.0, 1.0]
107348   [1.0, 0, 1, 1, 1.0]
858   [0.0, 0.0, 1, 0, 1]
115569   [0.0, 0, 0.0, 0.0, 1.0]
33660   [0.0, 1.0, 0.0, 0.0, 1.0]
898   [0.0, 1.0, 1.0, 1.0, 1.0]
899   [0.0, 1.0, 0.0, 0.0, 1.0]
903   [0.0, 1, 0, 0.0, 1.0]
904   [0.0, 1, 1, 0.0, 1.0]
905   [0.0, 1.0, 0.0, 0.0, 1.0]
906   [0.0, 0.0, 0.0, 1.0, 1.0]
908   [0.0, 0.0, 0.0, 0.0, 1.0]
909   [0.0, 1.0, 0.0, 0.0, 1.0]
910   [1, 1.0, 0.0, 1.0, 0.0]
107406   [0.0, 0.0, 0.0, 0.0, 1.0]
912   [0.0, 1, 1, 0.0, 1.0]
913   [0.0, 0.0, 0.0, 0.0, 1.0]
914   [0, 0.0, 0.0, 1, 1.0]
915   [0.0, 1.0, 1, 0, 1]
911   [0.0, 1, 0.0, 0, 1.0]
916   [0.0, 1, 1.0, 1.0, 1.0]
50068   [0.0, 0.0, 0.0, 0.0, 1.0]
919   [0.0, 0.0, 0.0, 1.0, 1.0]
920   [1, 1.0, 1.0, 0.0, 1]
922   [0.0, 1.0, 1, 1.0, 1.0]
923   [0.0, 0.0, 0, 0.0, 1.0]
924   [0.0, 0.0, 1, 0, 1.0]
926   [0.0, 1.0, 0, 1.0, 1]
927   [0.0, 1.0, 0.0, 0.0, 1.0]
928   [0.0, 1.0, 1.0, 1.0, 1.0]
115617   [0.0, 1.0, 0.0, 0.0, 1.0]
930   [1, 1.0, 1.0, 1.0, 1.0]
933   [0.0, 1.0, 1, 0.0, 1.0]
940   [0.0, 1.0, 0.0, 1.0, 1.0]
942   [1.0, 1.0, 0.0, 1.0, 1.0]
946   [0.0, 1, 0, 0.0, 1.0]
947   [0.0, 1.0, 0.0, 1.0, 0.0]
950   [0.0, 0, 1, 0.0, 1.0]
951   [0.0, 0.0, 1, 1.0, 1.0]
58295   [0.0, 1.0, 0.0, 1.0, 1.0]
953   [0.0, 1.0, 0.0, 0.0, 1.0]
954   [0.0, 0.0, 0.0, 0.0, 1.0]
955   [0.0, 1.0, 0.0, 0.0, 1.0]
58299   [0.0, 0.0, 0.0, 0.0, 1.0]
965   [0.0, 1.0, 1.0, 0.0, 1.0]
91077   [0.0, 1.0, 1.0, 1.0, 0.0]
968   [0.0, 1, 1.0, 0, 1.0]
66509   [0.0, 1.0, 0, 0.0, 0]
132046   [0.0, 0.0, 0.0, 0.0, 1.0]
91104   [0.0, 0.0, 1.0, 1.0, 0.0]
1013   [1, 1.0, 1.0, 0.0, 1.0]
91128   [0.0, 1.0, 0.0, 0.0, 1.0]
115705   [0.0, 0, 0.0, 0, 1.0]
1017   [0, 0, 1, 0.0, 1.0]
115708   [0.0, 0.0, 0.0, 0.0, 1.0]
1022   [0.0, 1, 1.0, 1.0, 1]
115713   [0.0, 0.0, 0.0, 1.0, 1.0]
33794   [0.0, 0.0, 0.0, 0.0, 1.0]
1025   [0.0, 0.0, 0.0, 0.0, 1.0]
1028   [0.0, 1.0, 0.0, 0, 1.0]
1027   [0.0, 0.0, 0.0, 0.0, 1.0]
74754   [1, 1.0, 0.0, 0.0, 1]
1032   [0.0, 1.0, 0.0, 0.0, 1.0]
1033   [1, 0, 1, 1, 1.0]
1035   [0.0, 0.0, 0.0, 0.0, 1.0]
1036   [0.0, 0.0, 0.0, 0, 1.0]
1037   [0.0, 0.0, 0.0, 0.0, 1.0]
41997   [0.0, 0.0, 0.0, 0.0, 1.0]
1041   [0.0, 1.0, 0.0, 0.0, 0.0]
1046   [0, 0.0, 1, 1, 1.0]
82976   [0.0, 1.0, 0.0, 1.0, 1.0]
1059   [0.0, 1.0, 0.0, 0.0, 1.0]
74789   [0.0, 0, 0.0, 1, 1.0]
1073   [0.0, 1.0, 0.0, 1, 1.0]
1077   [0.0, 0.0, 0.0, 0.0, 1.0]
1078   [0.0, 0.0, 0, 0.0, 1.0]
1079   [0.0, 1.0, 0.0, 0.0, 1.0]
115770   [1, 1.0, 0.0, 1.0, 1]
1084   [0.0, 0, 1.0, 0, 1.0]
1086   [0.0, 1.0, 0.0, 1.0, 1.0]
1088   [1, 1.0, 1, 0.0, 1]
1089   [0.0, 0.0, 0.0, 0.0, 1.0]
1090   [0.0, 0.0, 0.0, 0.0, 1.0]
1092   [0.0, 0.0, 0.0, 0.0, 1.0]
1093   [0.0, 0.0, 1.0, 0.0, 1.0]
33863   [1.0, 0.0, 1.0, 0.0, 1.0]
1096   [1, 1.0, 0.0, 1, 1.0]
1097   [0.0, 1.0, 1.0, 1.0, 1.0]
1095   [0.0, 0.0, 0.0, 1.0, 1.0]
1101   [0.0, 0.0, 0.0, 0.0, 1.0]
1103   [0.0, 1.0, 0.0, 0.0, 1.0]
1104   [0.0, 1.0, 0.0, 0.0, 1.0]
1127   [0.0, 0.0, 0.0, 0.0, 1.0]
66665   [0.0, 1.0, 1.0, 1.0, 1.0]
1129   [0.0, 0.0, 0.0, 0.0, 1.0]
1136   [0.0, 0.0, 1.0, 0.0, 1.0]
1148   [0.0, 0.0, 0.0, 1, 1.0]
25748   [0.0, 1.0, 0.0, 0.0, 1.0]
1173   [0.0, 1, 0.0, 0, 0]
1178   [0.0, 1.0, 0.0, 0.0, 1.0]
1183   [0.0, 0.0, 0.0, 0.0, 1.0]
1186   [1.0, 1.0, 0.0, 1.0, 0.0]
1188   [0.0, 1.0, 0.0, 1.0, 1.0]
74916   [1.0, 1.0, 0.0, 1.0, 1.0]
1193   [0.0, 1.0, 0.0, 0.0, 1.0]
1196   [0.0, 0.0, 1, 0.0, 1.0]
1197   [0.0, 1, 0.0, 0.0, 1.0]
1198   [0.0, 0.0, 0.0, 0.0, 1.0]
1199   [0.0, 1.0, 0.0, 0.0, 1.0]
1200   [0.0, 0.0, 0.0, 0.0, 1.0]
1203   [0.0, 0.0, 0.0, 0.0, 1.0]
1204   [0.0, 1, 0.0, 0.0, 1.0]
1206   [0, 1.0, 0.0, 0, 1.0]
1207   [0.0, 0.0, 1.0, 0.0, 1.0]
1208   [0.0, 0.0, 0.0, 0.0, 1.0]
1210   [0.0, 0.0, 0, 0.0, 1.0]
1212   [0.0, 1.0, 0.0, 0.0, 1.0]
1214   [0.0, 0.0, 0.0, 0.0, 1.0]
58559   [0.0, 0.0, 0.0, 0.0, 1.0]
1217   [0.0, 0.0, 0.0, 0.0, 1.0]
1219   [0.0, 1.0, 1, 1.0, 1.0]
1222   [0.0, 0.0, 0.0, 0.0, 1.0]
1224   [0.0, 0.0, 0.0, 0, 1.0]
1225   [0.0, 1.0, 0.0, 0.0, 1.0]
1228   [0.0, 0.0, 0, 1.0, 1.0]
1230   [0.0, 1.0, 0.0, 0.0, 1.0]
1231   [0.0, 0.0, 1.0, 1.0, 1.0]
1234   [0.0, 0.0, 0.0, 0.0, 1.0]
1235   [0.0, 1.0, 0.0, 0.0, 1.0]
1236   [1.0, 1.0, 1.0, 1.0, 1.0]
42197   [0.0, 0, 1.0, 1.0, 1.0]
1240   [0.0, 0.0, 0.0, 0.0, 1.0]
1242   [0.0, 0.0, 0.0, 0.0, 1.0]
1244   [0.0, 0.0, 1, 1.0, 1.0]
1245   [0.0, 0.0, 0.0, 0.0, 1.0]
1246   [0.0, 0.0, 0.0, 0, 1]
1247   [0.0, 1.0, 1, 0, 1.0]
1248   [0.0, 1.0, 0.0, 0.0, 1.0]
1250   [0.0, 1.0, 0.0, 0.0, 1.0]
1252   [0.0, 1.0, 0.0, 0.0, 1]
1254   [0.0, 0.0, 1.0, 0.0, 1.0]
1256   [0.0, 1.0, 0.0, 0, 1.0]
1258   [0.0, 0, 1, 1, 1.0]
1259   [0.0, 1.0, 0.0, 0.0, 1.0]
1261   [0.0, 1, 0.0, 0.0, 1.0]
1262   [0.0, 0, 0.0, 0.0, 1.0]
1263   [0.0, 0.0, 1.0, 0.0, 1.0]
1265   [1.0, 1.0, 0.0, 0.0, 1.0]
1266   [0.0, 0, 0.0, 0.0, 1.0]
1267   [0.0, 0, 0.0, 0, 1.0]
1269   [0.0, 0.0, 1, 1, 1.0]
1270   [0.0, 1.0, 0.0, 0.0, 1.0]
1271   [0.0, 1.0, 0.0, 0, 1]
1272   [0.0, 0.0, 0.0, 0.0, 1.0]
1273   [0.0, 0.0, 1.0, 0.0, 1.0]
25850   [1.0, 1.0, 1, 1.0, 0.0]
1275   [0.0, 1, 0.0, 0.0, 1.0]
1276   [1.0, 0.0, 0.0, 1.0, 1.0]
107771   [0.0, 1, 0, 0, 1.0]
1278   [0.0, 1.0, 0.0, 0.0, 1.0]
1279   [0.0, 1.0, 1, 1, 1]
1280   [0.0, 1, 0.0, 0.0, 1.0]
1281   [0.0, 0.0, 0.0, 0.0, 1.0]
1283   [1.0, 0.0, 0.0, 0.0, 1.0]
1284   [0.0, 1.0, 1, 1.0, 1]
1285   [0, 1.0, 1, 0, 1.0]
115973   [0.0, 0.0, 0.0, 0.0, 1.0]
1287   [0, 0.0, 0.0, 1.0, 1.0]
1288   [0.0, 0.0, 0.0, 0.0, 1.0]
1291   [0.0, 0.0, 1.0, 0.0, 1.0]
1293   [0.0, 0.0, 0.0, 1.0, 1.0]
1299   [0.0, 0.0, 0.0, 0.0, 1.0]
1302   [0.0, 1.0, 0.0, 0.0, 1.0]
1303   [0.0, 0.0, 0.0, 0.0, 1.0]
1304   [1, 0, 1.0, 0.0, 1.0]
1305   [0.0, 0, 1.0, 1.0, 1.0]
1307   [1.0, 1.0, 0.0, 1.0, 1.0]
1327   [0.0, 0.0, 0.0, 0.0, 1.0]
1347   [0.0, 1.0, 1, 0.0, 1.0]
1350   [0.0, 1.0, 0.0, 0.0, 1.0]
1354   [0.0, 1.0, 0.0, 0.0, 1.0]
1356   [0.0, 0.0, 0.0, 0.0, 1.0]
1358   [0.0, 1.0, 0.0, 1.0, 1.0]
1370   [0.0, 1, 1, 0, 1.0]
1372   [0.0, 0.0, 1, 0.0, 1.0]
1375   [0.0, 0.0, 0.0, 0.0, 1.0]
1374   [0.0, 0.0, 0.0, 0.0, 1.0]
1376   [0.0, 0.0, 1.0, 0.0, 1.0]
1378   [0, 0.0, 1, 0.0, 1.0]
1380   [1.0, 1.0, 0.0, 0, 1.0]
1377   [0.0, 0.0, 1, 0.0, 1.0]
132456   [0.0, 1.0, 0.0, 0.0, 1.0]
107883   [0.0, 1.0, 1.0, 0.0, 1.0]
91500   [0.0, 0.0, 0.0, 0.0, 1.0]
1387   [0.0, 1.0, 0.0, 0.0, 1.0]
1393   [1.0, 0.0, 0.0, 1.0, 0.0]
1394   [0, 1.0, 1, 0, 1]
34162   [0.0, 1.0, 1.0, 0.0, 1.0]
1396   [0.0, 0, 0.0, 0.0, 1.0]
1405   [0, 0.0, 1.0, 0.0, 1.0]
1407   [0.0, 0.0, 1.0, 0, 1.0]
1411   [0.0, 0.0, 1.0, 0.0, 1.0]
91529   [0.0, 0.0, 0.0, 0.0, 1.0]
91542   [0.0, 0.0, 0.0, 1.0, 1.0]
50601   [1.0, 1.0, 1.0, 1.0, 1.0]
116138   [0.0, 1.0, 0.0, 0.0, 1.0]
58803   [0.0, 1.0, 0.0, 1, 1]
1464   [0.0, 1.0, 0, 0.0, 1.0]
1466   [0.0, 1.0, 0.0, 0.0, 1.0]
116161   [0.0, 0.0, 0.0, 0.0, 1.0]
1483   [1.0, 1.0, 1.0, 0.0, 1.0]
50641   [0.0, 1, 1.0, 1, 0]
26082   [0.0, 0.0, 0.0, 0.0, 1.0]
1517   [0.0, 0.0, 0.0, 0.0, 1.0]
1527   [0.0, 0.0, 0, 0.0, 1.0]
91658   [0.0, 1.0, 0.0, 0.0, 1.0]
26122   [0.0, 1.0, 0.0, 0.0, 1]
67087   [0.0, 1.0, 0, 1, 1.0]
1566   [0.0, 1.0, 0.0, 0.0, 1.0]
1573   [0.0, 0, 0, 0.0, 1.0]
1584   [0.0, 0.0, 1, 0, 1.0]
1588   [0.0, 1, 1, 0, 1.0]
1610   [0.0, 0.0, 0.0, 0.0, 1.0]
99917   [0.0, 0.0, 0.0, 0.0, 1.0]
1617   [0.0, 0, 0.0, 0.0, 1.0]
1620   [0.0, 0.0, 0.0, 0.0, 1.0]
1625   [0.0, 1.0, 0.0, 0, 1.0]
34405   [0.0, 0.0, 0.0, 0.0, 1.0]
1639   [1, 1.0, 0.0, 0.0, 1.0]
1641   [0.0, 1, 0.0, 0.0, 0.0]
1644   [1.0, 1.0, 1.0, 0.0, 1.0]
1645   [0.0, 1, 0.0, 0.0, 1.0]
1653   [0.0, 0.0, 0.0, 1.0, 1.0]
58998   [1, 1.0, 1.0, 1.0, 1]
26231   [0.0, 0.0, 0.0, 0.0, 1.0]
67193   [0.0, 1, 0.0, 1, 1.0]
34437   [0.0, 1, 0.0, 0, 1]
1673   [1, 1, 1, 0, 1]
1674   [0.0, 1.0, 1, 1, 1.0]
1682   [1, 0, 1, 1, 1.0]
108190   [0.0, 1.0, 0.0, 0.0, 1.0]
1704   [0.0, 1.0, 0.0, 0.0, 1.0]
26285   [0.0, 0.0, 0.0, 0.0, 1.0]
1719   [0.0, 0.0, 0.0, 0.0, 1.0]
1721   [1.0, 1.0, 1.0, 1.0, 1.0]
1729   [0.0, 1.0, 0.0, 1, 0.0]
1732   [0.0, 1.0, 0.0, 0.0, 1.0]
1747   [0.0, 0.0, 0.0, 0.0, 1.0]
1748   [0.0, 0.0, 0, 0.0, 1.0]
1754   [0.0, 0, 0.0, 0.0, 1.0]
100060   [0.0, 1.0, 1, 1, 1.0]
42725   [1, 1, 1, 1, 0.0]
34534   [0.0, 0.0, 1.0, 0.0, 1.0]
42732   [1.0, 1.0, 0, 1.0, 1.0]
1777   [1.0, 1.0, 1, 0.0, 1]
1784   [1.0, 1.0, 0.0, 0.0, 1.0]
91902   [0.0, 1.0, 0, 1.0, 1]
1805   [0.0, 0, 0.0, 0.0, 1.0]
100159   [1.0, 1.0, 1, 0.0, 1.0]
1884   [0, 0, 0.0, 0.0, 1.0]
1892   [0.0, 1.0, 0, 1.0, 1.0]
83827   [0.0, 0.0, 1.0, 0.0, 1.0]
1907   [0.0, 0, 0.0, 0, 1.0]
51063   [0.0, 1.0, 0.0, 0, 1.0]
1921   [0.0, 1, 0.0, 0.0, 1.0]
1923   [0.0, 1.0, 0.0, 0.0, 0.0]
1927   [0.0, 1.0, 0.0, 1.0, 1.0]
1939   [0.0, 0.0, 0.0, 0, 1]
100244   [0.0, 0.0, 0.0, 0.0, 1.0]
1942   [1.0, 0.0, 1.0, 1.0, 1.0]
26519   [1.0, 1.0, 1.0, 1.0, 0.0]
1944   [0.0, 0.0, 0.0, 0.0, 1.0]
1945   [0.0, 0, 0.0, 0, 1.0]
1946   [0.0, 1.0, 1, 1, 0]
1947   [0.0, 1.0, 0.0, 0, 1.0]
1949   [0.0, 0.0, 0.0, 1.0, 1.0]
1950   [0.0, 1.0, 0.0, 0.0, 1.0]
26528   [0.0, 0.0, 1.0, 1.0, 1.0]
1953   [0.0, 0.0, 0.0, 0.0, 1.0]
1954   [0.0, 0.0, 1.0, 0.0, 1.0]
1955   [0.0, 1.0, 1.0, 1.0, 1.0]
1956   [0.0, 1.0, 0.0, 1.0, 1.0]
1952   [0.0, 1.0, 0.0, 0.0, 1.0]
1958   [0.0, 1.0, 0.0, 0.0, 1.0]
1957   [0.0, 1, 0.0, 0.0, 1.0]
1959   [0.0, 1.0, 0.0, 0.0, 1.0]
1961   [0.0, 1.0, 0.0, 0.0, 1.0]
1967   [0.0, 1.0, 0, 0.0, 1.0]
1968   [0.0, 0, 0.0, 1.0, 1.0]
59315   [0.0, 0.0, 0.0, 0.0, 1.0]
1974   [0, 0.0, 1.0, 0.0, 1.0]
1982   [0.0, 0.0, 1.0, 0.0, 1.0]
1983   [0.0, 0.0, 0.0, 0.0, 1.0]
1994   [0.0, 1.0, 1.0, 0.0, 1.0]
1997   [1.0, 1.0, 1.0, 0.0, 1.0]
2000   [0.0, 1.0, 0.0, 0.0, 1.0]
2003   [0.0, 0.0, 0.0, 1.0, 1.0]
2011   [0.0, 1.0, 0.0, 0.0, 1.0]
2012   [0.0, 1.0, 0.0, 0.0, 1.0]
2018   [0.0, 0.0, 0.0, 0.0, 1.0]
2019   [0.0, 0, 0.0, 0.0, 1.0]
2020   [0.0, 1.0, 0.0, 0.0, 1.0]
2021   [0.0, 0.0, 0.0, 0.0, 1.0]
2022   [0.0, 0.0, 0.0, 0.0, 1.0]
59369   [0.0, 1, 0.0, 0.0, 1.0]
2025   [0.0, 1.0, 0.0, 0.0, 1.0]
2028   [0.0, 0.0, 0.0, 0.0, 1.0]
59387   [0.0, 1.0, 1.0, 0.0, 1.0]
2046   [0, 0.0, 1.0, 0.0, 1.0]
2048   [0.0, 1.0, 1.0, 0.0, 1.0]
2058   [0.0, 0.0, 0.0, 0.0, 1.0]
2066   [0.0, 1.0, 0.0, 0.0, 1.0]
2067   [0.0, 1.0, 0.0, 0.0, 1.0]
2076   [0.0, 1.0, 0.0, 0.0, 1.0]
59421   [0.0, 1.0, 0.0, 0.0, 1.0]
2080   [0.0, 1.0, 1, 1, 0.0]
2081   [0.0, 1, 0, 0.0, 1.0]
2085   [0.0, 1.0, 0.0, 0.0, 1.0]
26662   [1.0, 0, 1, 0, 1]
2087   [0.0, 0.0, 0.0, 0, 1.0]
2096   [0.0, 0.0, 1.0, 1.0, 1.0]
92210   [0.0, 1.0, 1.0, 0.0, 1.0]
51255   [0.0, 1.0, 0.0, 0.0, 1.0]
2105   [0.0, 0.0, 0.0, 0.0, 1.0]
116797   [0.0, 1.0, 0.0, 0.0, 1.0]
2109   [0.0, 1, 1, 0.0, 1.0]
116799   [0.0, 1.0, 0.0, 0.0, 1.0]
2115   [0.0, 0.0, 1, 0, 1.0]
2116   [0.0, 0, 0.0, 0.0, 1.0]
2132   [0.0, 0.0, 0.0, 1.0, 1.0]
2133   [0.0, 1.0, 0.0, 0.0, 1.0]
2139   [0.0, 1, 0.0, 1, 1.0]
2140   [0.0, 0, 0, 0.0, 1.0]
2143   [0.0, 1, 0.0, 0.0, 1.0]
2144   [1, 1.0, 1.0, 1, 0.0]
59501   [0.0, 1.0, 0.0, 0.0, 1.0]
2160   [0.0, 1.0, 0.0, 0.0, 1]
2161   [0.0, 1, 0.0, 0.0, 1.0]
2167   [0.0, 1.0, 0.0, 0.0, 1.0]
2174   [0.0, 0.0, 1.0, 1.0, 1.0]
2176   [0.0, 0.0, 0.0, 0.0, 1.0]
2183   [0.0, 1.0, 1, 0, 1.0]
2186   [0.0, 1.0, 0.0, 0.0, 1.0]
2193   [0.0, 0.0, 0.0, 0.0, 1.0]
2194   [0.0, 0.0, 0.0, 0.0, 1.0]
26776   [0.0, 1.0, 0.0, 0.0, 1.0]
2203   [0.0, 1.0, 1.0, 0.0, 0.0]
2208   [0.0, 1.0, 0.0, 0.0, 1.0]
116905   [0.0, 0.0, 0.0, 0.0, 1.0]
84152   [0.0, 1.0, 0.0, 0.0, 1.0]
108729   [1, 1, 1, 1.0, 1.0]
26810   [0.0, 1.0, 0.0, 0.0, 0.0]
51412   [0.0, 0.0, 1, 0.0, 1.0]
84187   [0.0, 1.0, 0.0, 0.0, 1.0]
2268   [0.0, 0.0, 0, 0.0, 1.0]
2273   [0.0, 0.0, 1.0, 0.0, 1.0]
2278   [0.0, 0.0, 0.0, 0.0, 1.0]
2288   [0.0, 0.0, 0.0, 0.0, 1.0]
2291   [0.0, 1.0, 0.0, 0, 1.0]
2297   [0.0, 1.0, 1.0, 1.0, 1.0]
92420   [1, 1.0, 0.0, 0.0, 1.0]
2318   [0.0, 1.0, 0, 1.0, 1.0]
26903   [0.0, 1.0, 0.0, 0.0, 1.0]
2329   [0.0, 0, 0.0, 0.0, 1.0]
133419   [1.0, 1.0, 1.0, 1.0, 0.0]
2352   [1, 1.0, 1.0, 1.0, 0.0]
2353   [0.0, 0.0, 0.0, 0.0, 1.0]
2355   [0.0, 0.0, 1.0, 1.0, 1.0]
76091   [0.0, 1.0, 0.0, 0.0, 1.0]
76093   [0.0, 1.0, 0.0, 0.0, 1.0]
2366   [0.0, 0.0, 0.0, 0.0, 1.0]
141636   [0.0, 1.0, 1.0, 0.0, 0.0]
2393   [0.0, 1.0, 0.0, 0.0, 1.0]
2394   [0.0, 0, 0.0, 1.0, 1.0]
2395   [0.0, 1.0, 0.0, 0.0, 1.0]
2396   [0.0, 0.0, 0.0, 0.0, 1.0]
92509   [0.0, 1.0, 1.0, 1.0, 0.0]
92507   [0.0, 0.0, 0.0, 0.0, 1.0]
2401   [0.0, 0.0, 0.0, 0.0, 1.0]
2403   [0.0, 1.0, 0.0, 0.0, 1.0]
2407   [0.0, 0, 1.0, 1, 1.0]
100714   [1.0, 1, 1, 1, 1]
2413   [0.0, 0.0, 1.0, 0, 1.0]
2420   [0.0, 0.0, 0.0, 0.0, 1.0]
2423   [1.0, 1.0, 0.0, 1.0, 0.0]
2424   [0.0, 0.0, 1.0, 1.0, 1.0]
2427   [0.0, 0.0, 0.0, 0.0, 1.0]
43396   [1.0, 0.0, 1.0, 1.0, 1.0]
59784   [0.0, 0.0, 0.0, 0.0, 1.0]
108949   [0.0, 0.0, 0.0, 0.0, 1.0]
84374   [1.0, 1.0, 1.0, 1.0, 1.0]
27032   [0.0, 0.0, 0.0, 0.0, 1.0]
2459   [0.0, 1.0, 1.0, 0.0, 1.0]
67997   [0.0, 0.0, 0.0, 1.0, 1.0]
2470   [0.0, 1.0, 0.0, 0.0, 1.0]
84392   [0.0, 0.0, 0.0, 0.0, 1.0]
117176   [0.0, 0, 0, 1, 1.0]
2490   [0.0, 1.0, 0.0, 0.0, 1.0]
2501   [0.0, 1.0, 0.0, 1, 1]
2502   [0.0, 1, 0.0, 0.0, 0]
51662   [0.0, 0.0, 0.0, 0.0, 1.0]
76251   [0.0, 0.0, 0.0, 0.0, 1.0]
2528   [0.0, 0.0, 0.0, 0.0, 1.0]
2529   [0.0, 0.0, 0.0, 0.0, 1.0]
92643   [0.0, 1.0, 0.0, 0.0, 1]
68073   [0.0, 0.0, 1.0, 0.0, 1.0]
2542   [0.0, 0, 0.0, 0.0, 1]
2571   [0.0, 1.0, 0.0, 0.0, 1.0]
2572   [0.0, 1.0, 0.0, 1.0, 1]
2599   [1.0, 1.0, 0.0, 1.0, 1.0]
2617   [0.0, 0.0, 0.0, 0.0, 1.0]
2618   [0.0, 0.0, 0.0, 1.0, 1.0]
68157   [0.0, 1.0, 0.0, 0.0, 1.0]
2640   [0.0, 0.0, 0.0, 0.0, 1.0]
2641   [0.0, 0, 1, 0.0, 1.0]
2648   [0.0, 0.0, 0.0, 0.0, 1.0]
2657   [0, 1.0, 0.0, 0.0, 1.0]
68194   [0.0, 0.0, 0.0, 1, 1.0]
2664   [0.0, 1.0, 0.0, 0.0, 1.0]
2671   [0.0, 1.0, 1.0, 1.0, 1.0]
84601   [0.0, 1.0, 0.0, 0.0, 1.0]
2686   [0.0, 1.0, 0.0, 0.0, 1.0]
2687   [0, 0, 0.0, 0.0, 1.0]
2690   [0.0, 1.0, 1.0, 1.0, 0.0]
60040   [0.0, 0.0, 0.0, 0.0, 1.0]
2700   [0.0, 1.0, 0.0, 0.0, 1.0]
68237   [0.0, 0.0, 0.0, 1.0, 1.0]
2706   [1.0, 1.0, 0.0, 1.0, 1.0]
2710   [0, 0.0, 1.0, 0.0, 1.0]
2712   [0.0, 1.0, 0.0, 1.0, 1.0]
2716   [0.0, 0.0, 0.0, 0.0, 1.0]
2717   [0.0, 0.0, 1, 0.0, 1.0]
2726   [0, 1.0, 0.0, 0, 1]
2728   [0.0, 0.0, 0.0, 0.0, 1.0]
60072   [0.0, 1.0, 0.0, 0.0, 1.0]
2730   [0.0, 0.0, 0.0, 0.0, 1.0]
68269   [0.0, 0, 1, 1.0, 1.0]
27317   [0.0, 1.0, 0.0, 0.0, 1.0]
2745   [0.0, 0.0, 0.0, 0.0, 1.0]
2750   [0.0, 0, 1.0, 0, 1.0]
2761   [0.0, 1.0, 0.0, 0.0, 1.0]
2762   [1, 1.0, 0.0, 0, 1.0]
2763   [0.0, 1.0, 1.0, 1.0, 1.0]
51931   [1.0, 0, 1, 1.0, 1.0]
60126   [0.0, 0.0, 1.0, 0.0, 1.0]
51935   [0.0, 0.0, 0.0, 0, 1.0]
2791   [0.0, 0.0, 1, 0.0, 1.0]
84716   [0.0, 1.0, 1.0, 1.0, 1.0]
2797   [0.0, 1.0, 1, 1.0, 1.0]
2803   [0.0, 0.0, 0.0, 1.0, 1.0]
2804   [0.0, 0, 1.0, 0.0, 1.0]
117504   [0.0, 1.0, 0.0, 1.0, 0.0]
117506   [0.0, 0.0, 1.0, 1.0, 1.0]
2819   [0.0, 0.0, 1, 0.0, 1.0]
68358   [0.0, 0, 0.0, 0.0, 1.0]
117517   [1.0, 0.0, 1.0, 1.0, 1.0]
84772   [0.0, 1, 0.0, 0.0, 1.0]
2858   [0.0, 1.0, 0.0, 0.0, 0.0]
2857   [0.0, 0.0, 0, 0.0, 1.0]
2867   [0.0, 1, 0, 0.0, 1.0]
2871   [0.0, 0.0, 1.0, 0.0, 1.0]
2872   [0.0, 0, 0.0, 0.0, 1.0]
109374   [0.0, 1.0, 0.0, 0.0, 1.0]
2881   [1.0, 0.0, 0.0, 0.0, 1.0]
2905   [0.0, 0, 0.0, 0.0, 1.0]
2908   [1.0, 1.0, 0.0, 0.0, 1.0]
2916   [0.0, 0.0, 1, 0.0, 1.0]
2917   [0.0, 1.0, 0.0, 0.0, 1.0]
2918   [0.0, 0, 1.0, 1.0, 1.0]
2921   [0.0, 0.0, 0.0, 0.0, 1.0]
2927   [0.0, 1.0, 0.0, 1.0, 1.0]
2932   [0.0, 1.0, 0, 0.0, 1.0]
2936   [0.0, 1.0, 0.0, 1.0, 1.0]
2940   [0.0, 0.0, 0.0, 0.0, 1.0]
27518   [0.0, 1.0, 1, 0.0, 0]
2944   [0.0, 0.0, 0.0, 0.0, 1.0]
2947   [0.0, 0.0, 0.0, 0.0, 1.0]
2959   [0.0, 0, 0.0, 0.0, 1.0]
2966   [0.0, 1.0, 0.0, 1.0, 1.0]
2968   [0.0, 0.0, 1, 0.0, 1.0]
2973   [0.0, 1.0, 0.0, 1, 1.0]
2985   [0.0, 0.0, 0.0, 0, 1.0]
2987   [0.0, 0.0, 0.0, 0.0, 1.0]
2989   [0.0, 0, 0.0, 0.0, 1.0]
109487   [0.0, 0.0, 0.0, 0.0, 1.0]
2990   [0.0, 0.0, 0.0, 0.0, 1.0]
2996   [0, 1.0, 0, 0, 1.0]
2997   [0.0, 1, 0.0, 0.0, 1.0]
3000   [0.0, 1, 0.0, 0.0, 1.0]
3005   [0.0, 0.0, 1.0, 0, 1.0]
3006   [0.0, 1.0, 0.0, 0.0, 1.0]
3016   [0.0, 0.0, 0.0, 0.0, 1.0]
68554   [0.0, 0.0, 0.0, 0.0, 1.0]
3020   [0.0, 1.0, 0.0, 1.0, 1.0]
3022   [1, 0.0, 1, 1, 1.0]
84944   [0.0, 1, 0.0, 0.0, 1.0]
3030   [0.0, 1.0, 0, 0.0, 1.0]
84952   [0.0, 0.0, 0.0, 0.0, 0]
3033   [0.0, 0.0, 0, 0.0, 1.0]
3035   [0, 0.0, 0.0, 1, 1.0]
3039   [0.0, 0.0, 0.0, 0.0, 1.0]
3052   [0.0, 1.0, 0.0, 0.0, 1.0]
60397   [1, 1.0, 1, 0, 1.0]
134130   [0.0, 0.0, 0.0, 0, 1.0]
44022   [0.0, 0.0, 0.0, 0.0, 1.0]
3072   [1, 1.0, 0.0, 1.0, 1]
3081   [0.0, 1.0, 0.0, 0.0, 1.0]
109578   [0.0, 1.0, 0.0, 0.0, 1.0]
109580   [0.0, 0.0, 0.0, 1.0, 1.0]
3087   [1, 1.0, 1, 1, 1.0]
3088   [0.0, 1.0, 0.0, 0.0, 1.0]
3091   [0.0, 1.0, 0.0, 0.0, 1.0]
52245   [0.0, 0.0, 1, 0.0, 1.0]
3095   [0.0, 0, 1.0, 0, 1]
3097   [0.0, 1, 0.0, 1.0, 0]
3100   [1, 0, 0.0, 1.0, 0.0]
3105   [0.0, 1.0, 0.0, 1, 1.0]
3111   [1.0, 1.0, 0.0, 1.0, 1.0]
3114   [1, 1.0, 0.0, 0.0, 1.0]
27706   [0.0, 1.0, 1.0, 1, 1.0]
109629   [0.0, 1.0, 0.0, 1.0, 0.0]
52287   [0.0, 1.0, 1, 1, 1.0]
27721   [0.0, 0, 0.0, 0, 1.0]
3147   [0.0, 1.0, 0.0, 0.0, 1.0]
3152   [1.0, 1.0, 0, 1, 1]
27731   [0.0, 0.0, 1, 0.0, 1.0]
3156   [0.0, 1.0, 0.0, 1.0, 1.0]
3155   [0.0, 0.0, 0.0, 0.0, 1.0]
93270   [0.0, 0, 1, 0.0, 1.0]
3160   [0.0, 1.0, 0.0, 0.0, 1.0]
27741   [0.0, 1.0, 0.0, 1.0, 1.0]
3175   [0.0, 0, 1, 0.0, 1.0]
52328   [0.0, 0.0, 0.0, 0.0, 1.0]
3176   [1, 1, 0.0, 0.0, 1.0]
3178   [0.0, 0.0, 0.0, 0.0, 1.0]
117867   [0.0, 0, 0.0, 0.0, 1.0]
3181   [0.0, 0, 0.0, 0.0, 1.0]
3196   [0.0, 0.0, 0.0, 0.0, 1.0]
3198   [0.0, 1, 1, 0.0, 1.0]
3201   [0.0, 0, 1, 1, 1]
3210   [1, 0, 0, 1.0, 1]
27798   [0.0, 0.0, 0.0, 0.0, 1.0]
3224   [0.0, 0, 0.0, 1, 1.0]
44195   [0.0, 1, 0.0, 1, 1.0]
44199   [0.0, 0.0, 0.0, 1, 1.0]
109740   [1.0, 1.0, 0.0, 1.0, 0.0]
27821   [0.0, 1.0, 1.0, 1.0, 1.0]
3246   [0, 0.0, 1, 1, 1]
3252   [1.0, 0.0, 0.0, 1.0, 1.0]
27831   [0.0, 0.0, 0.0, 0.0, 1.0]
3256   [1.0, 0.0, 1.0, 1.0, 1.0]
3255   [0.0, 0.0, 0.0, 1.0, 0.0]
27834   [0.0, 1.0, 0.0, 1.0, 1.0]
3262   [0.0, 1.0, 0.0, 0.0, 1.0]
3265   [0.0, 0.0, 0.0, 0.0, 1.0]
3266   [0.0, 0.0, 0.0, 1.0, 1.0]
3275   [0.0, 0.0, 1, 1.0, 1.0]
3289   [0.0, 1.0, 0.0, 1.0, 0.0]
3300   [0.0, 0.0, 0.0, 0.0, 1.0]
3301   [1, 1.0, 0.0, 0.0, 1.0]
3307   [0.0, 0.0, 0.0, 0.0, 1.0]
3310   [0.0, 1.0, 1.0, 1.0, 1.0]
27904   [0.0, 0.0, 0.0, 0.0, 1.0]
126219   [0.0, 1.0, 0.0, 0.0, 0.0]
60684   [0.0, 1.0, 0.0, 0.0, 1.0]
85259   [0.0, 0.0, 0.0, 0.0, 1.0]
3360   [0.0, 0.0, 1, 0.0, 1.0]
3361   [0.0, 0.0, 0.0, 0.0, 1.0]
3362   [0.0, 0.0, 0.0, 0.0, 1.0]
3363   [1.0, 0.0, 0.0, 0.0, 1.0]
3364   [0.0, 0, 1, 1, 1.0]
3365   [1.0, 1.0, 1, 0, 1.0]
126245   [0.0, 0.0, 1.0, 0.0, 1.0]
109864   [0.0, 0, 1.0, 0.0, 1.0]
3386   [0.0, 0.0, 0, 0.0, 1.0]
3396   [0.0, 0.0, 0.0, 0.0, 1.0]
93510   [0.0, 0, 0.0, 0.0, 1.0]
3408   [0.0, 1.0, 0.0, 0.0, 1.0]
68954   [0.0, 1.0, 0.0, 0.0, 1.0]
3424   [0.0, 0.0, 0.0, 0.0, 1.0]
3435   [0.0, 1.0, 0.0, 0.0, 1.0]
3441   [0, 0.0, 0.0, 0, 1.0]
3444   [0.0, 0.0, 0.0, 0.0, 1.0]
85367   [1.0, 1.0, 1.0, 1.0, 1.0]
3448   [0.0, 0.0, 0.0, 0.0, 1.0]
52604   [0.0, 0.0, 0.0, 0.0, 1.0]
3462   [0.0, 1.0, 0.0, 1.0, 1.0]
3467   [0.0, 1.0, 1.0, 0.0, 1.0]
3468   [0.0, 1.0, 0.0, 0.0, 1.0]
3469   [0.0, 0.0, 0.0, 0.0, 1]
3470   [0.0, 0.0, 0.0, 0.0, 1.0]
3471   [0.0, 0, 0.0, 0.0, 1.0]
3476   [0.0, 0, 0.0, 0.0, 1.0]
3479   [0.0, 1.0, 0.0, 0.0, 1.0]
3481   [0.0, 1.0, 0.0, 0.0, 1.0]
3489   [0.0, 1.0, 0.0, 0.0, 1.0]
3494   [0.0, 0, 0.0, 0, 1.0]
85414   [1.0, 0.0, 1.0, 1.0, 1.0]
3498   [0.0, 1.0, 0.0, 0.0, 1.0]
3499   [0.0, 1.0, 0.0, 1.0, 1.0]
3504   [0.0, 0.0, 0.0, 0, 1.0]
3508   [0.0, 0.0, 0.0, 0.0, 1.0]
3510   [0.0, 0.0, 0.0, 0.0, 1.0]
3513   [0.0, 0.0, 0.0, 1.0, 1.0]
3516   [0.0, 1.0, 0, 0.0, 1.0]
85438   [0.0, 1.0, 0.0, 0.0, 1.0]
3526   [1, 1, 0, 1.0, 0.0]
3527   [0.0, 0.0, 0.0, 0.0, 1.0]
3545   [0.0, 1, 0.0, 1.0, 1.0]
3551   [0.0, 1, 1, 0.0, 1.0]
3556   [1.0, 0.0, 1.0, 1.0, 0.0]
3559   [0.0, 0.0, 0.0, 1.0, 1.0]
101864   [0.0, 0.0, 0.0, 0.0, 1.0]
3578   [0.0, 0.0, 0.0, 0.0, 1.0]
69122   [0.0, 1.0, 1, 0, 1]
101895   [0.0, 0, 0.0, 0.0, 1.0]
3591   [1.0, 0.0, 1.0, 1.0, 0.0]
110102   [0.0, 0.0, 0, 0.0, 1.0]
60950   [0.0, 1.0, 1, 0.0, 1.0]
3608   [0.0, 1, 0.0, 0.0, 1.0]
3617   [1.0, 1, 1.0, 1.0, 1]
3629   [0.0, 0.0, 0.0, 0.0, 1.0]
3634   [0.0, 0.0, 0.0, 0.0, 1.0]
3635   [0.0, 0.0, 0.0, 0.0, 1.0]
3654   [0.0, 0.0, 0.0, 0.0, 1.0]
3671   [0.0, 0.0, 0.0, 0.0, 1.0]
3675   [1, 0.0, 1.0, 1, 1]
61024   [0.0, 1, 1, 0.0, 1.0]
3683   [1.0, 1.0, 0.0, 0.0, 1.0]
3698   [0.0, 0.0, 0.0, 0.0, 1.0]
3702   [0.0, 0, 0.0, 0.0, 1.0]
44665   [0.0, 0.0, 0.0, 0.0, 1.0]
3706   [0.0, 1.0, 0.0, 0.0, 1.0]
3730   [0.0, 0.0, 0.0, 1.0, 1.0]
52885   [0.0, 0.0, 0.0, 0.0, 1.0]
3735   [0.0, 0.0, 1.0, 1.0, 1.0]
3736   [1.0, 0.0, 0.0, 1.0, 1.0]
3740   [0.0, 0.0, 0.0, 0.0, 1.0]
36517   [0.0, 0.0, 1.0, 1.0, 1.0]
3751   [0, 0.0, 0.0, 0.0, 1.0]
3753   [0.0, 0.0, 0.0, 0.0, 1.0]
3755   [0.0, 0, 1, 1, 1.0]
36525   [0.0, 1.0, 0.0, 0.0, 1.0]
36529   [0.0, 1.0, 0.0, 0.0, 1.0]
36537   [1.0, 1.0, 1.0, 0.0, 1.0]
52929   [0, 1.0, 0.0, 0, 1.0]
134853   [0.0, 1.0, 0.0, 0.0, 1.0]
61132   [0.0, 1, 0.0, 0.0, 1.0]
3801   [0.0, 1.0, 0.0, 1, 1.0]
134881   [0.0, 0, 0, 0.0, 1]
3814   [0.0, 1.0, 0.0, 0.0, 1.0]
61160   [0.0, 0.0, 0.0, 0.0, 1.0]
102123   [1, 1, 0.0, 0.0, 1.0]
102125   [0.0, 0.0, 0.0, 0.0, 1.0]
52973   [1.0, 0.0, 0.0, 1.0, 1.0]
77561   [0.0, 0.0, 0.0, 0.0, 1.0]
85763   [0.0, 0.0, 1, 0, 1.0]
3868   [0.0, 0, 0, 0.0, 1.0]
3871   [0.0, 0, 1, 0.0, 1.0]
69406   [0.0, 1.0, 1, 1.0, 0.0]
3882   [0, 1.0, 0, 0.0, 0.0]
102194   [0, 0.0, 1, 0.0, 1.0]
61236   [0.0, 1, 0, 0.0, 1]
3897   [0.0, 1.0, 1, 1.0, 1.0]
3911   [0.0, 0.0, 0.0, 0, 1.0]
3916   [0.0, 0.0, 0.0, 0.0, 1.0]
3918   [0.0, 0.0, 0.0, 0.0, 1.0]
3925   [0.0, 1.0, 1.0, 0.0, 1.0]
3929   [0.0, 1.0, 0.0, 1.0, 1.0]
3949   [0.0, 1.0, 0.0, 0.0, 1.0]
94070   [0.0, 1.0, 0.0, 0.0, 1.0]
3967   [0.0, 1.0, 0.0, 0.0, 1.0]
3969   [1, 1, 0, 0.0, 1.0]
53125   [0.0, 0.0, 1.0, 0.0, 1.0]
3979   [0.0, 0.0, 0.0, 0.0, 1.0]
3980   [0.0, 1.0, 0.0, 0.0, 1.0]
61323   [1, 1.0, 1, 1.0, 1.0]
69516   [0.0, 0.0, 0.0, 0.0, 1.0]
3986   [0.0, 0.0, 0.0, 0.0, 1.0]
3994   [0.0, 0.0, 0.0, 0.0, 1.0]
3996   [0.0, 1.0, 0.0, 0.0, 1.0]
4002   [0.0, 1.0, 0.0, 1.0, 1]
4006   [0.0, 0.0, 0.0, 0.0, 1.0]
4011   [0.0, 1.0, 0.0, 0.0, 1.0]
118700   [0.0, 0.0, 1, 1.0, 1.0]
4014   [0.0, 1.0, 0.0, 1.0, 1.0]
4018   [1, 0, 0.0, 0.0, 1]
4019   [1.0, 0, 1, 0, 1.0]
118706   [0.0, 0, 1, 1, 1.0]
4025   [1.0, 0.0, 1.0, 1.0, 1.0]
4034   [0.0, 0.0, 0.0, 0.0, 1.0]
94150   [0.0, 0.0, 0.0, 1.0, 1.0]
110553   [0.0, 0, 0.0, 0.0, 1.0]
69604   [0, 0, 0.0, 0.0, 1.0]
4069   [1.0, 1.0, 1.0, 1.0, 1.0]
77800   [0.0, 0.0, 0.0, 0.0, 1.0]
110586   [0.0, 1.0, 0.0, 0.0, 1.0]
4105   [1, 1.0, 1.0, 0.0, 1.0]
69644   [1, 0.0, 1.0, 1.0, 1.0]
45081   [0.0, 1.0, 0, 0.0, 1.0]
102445   [0.0, 0.0, 0.0, 0.0, 1.0]
4144   [0.0, 0.0, 0.0, 1.0, 1.0]
110655   [0.0, 1, 0.0, 0.0, 1.0]
69712   [0.0, 1.0, 0.0, 0.0, 1.0]
4183   [0.0, 1.0, 0.0, 1.0, 1.0]
4187   [0.0, 0.0, 0, 1, 1.0]
118896   [0.0, 0.0, 0.0, 0.0, 1.0]
4223   [0.0, 0.0, 0.0, 0.0, 1.0]
4226   [0.0, 0.0, 0.0, 1.0, 1.0]
45186   [0.0, 0.0, 0.0, 0.0, 1.0]
110730   [0.0, 1, 0.0, 0.0, 1.0]
4239   [0.0, 0, 1.0, 1.0, 1.0]
4246   [1.0, 1.0, 0.0, 1.0, 1.0]
45210   [0.0, 0, 1.0, 1.0, 1.0]
4262   [0.0, 1.0, 0.0, 0.0, 1.0]
86190   [1.0, 1.0, 1.0, 1.0, 1.0]
102588   [0.0, 1.0, 1.0, 0.0, 1.0]
4296   [0.0, 1, 0.0, 0, 1.0]
4299   [0.0, 0.0, 0.0, 0.0, 1.0]
4306   [1, 1.0, 0, 0, 1.0]
69844   [0.0, 1, 0.0, 0.0, 1.0]
53460   [1.0, 0, 1, 0.0, 1.0]
4308   [0.0, 1.0, 0.0, 0.0, 1.0]
78039   [0, 1.0, 0.0, 1, 0.0]
4310   [0.0, 1.0, 0.0, 0.0, 1.0]
127192   [0.0, 0.0, 1.0, 1.0, 1.0]
127198   [0.0, 1, 0.0, 0, 1.0]
4321   [1, 0.0, 0, 0, 1.0]
4327   [0.0, 0.0, 0.0, 0.0, 1.0]
4329   [0.0, 0.0, 0.0, 0.0, 1.0]
4366   [0.0, 0.0, 1, 0.0, 1.0]
94478   [0.0, 1.0, 0.0, 0.0, 1.0]
86298   [0.0, 0.0, 1, 0, 1.0]
4387   [0.0, 1.0, 0.0, 0.0, 1.0]
4406   [0.0, 0.0, 0.0, 0.0, 1.0]
86332   [0.0, 0.0, 0.0, 0.0, 1.0]
102716   [0.0, 0.0, 1.0, 0.0, 1]
69951   [0.0, 1.0, 0.0, 0.0, 1.0]
4426   [0.0, 0.0, 0.0, 0.0, 1.0]
4427   [0.0, 0.0, 0, 1, 1.0]
4432   [1.0, 0.0, 0.0, 1.0, 1.0]
4446   [0.0, 0.0, 0.0, 0.0, 1.0]
4447   [1.0, 0.0, 0.0, 0.0, 0.0]
4448   [0.0, 0.0, 0.0, 0.0, 1.0]
119145   [0.0, 1.0, 0.0, 0.0, 1.0]
45431   [0.0, 1.0, 0.0, 0.0, 1.0]
78209   [1.0, 1.0, 0.0, 0.0, 1]
135567   [0.0, 0.0, 0.0, 0.0, 1.0]
102800   [1.0, 1.0, 0.0, 0.0, 0.0]
4545   [0.0, 0.0, 0.0, 0.0, 1.0]
45517   [0, 0.0, 0.0, 0.0, 1.0]
4571   [0.0, 0.0, 0, 0.0, 1.0]
78316   [0.0, 1.0, 0.0, 0.0, 1]
102903   [0.0, 1.0, 0.0, 0.0, 1.0]
4641   [0.0, 1.0, 0.0, 0.0, 1.0]
4649   [1.0, 0.0, 1.0, 1.0, 1.0]
94777   [0.0, 1, 0.0, 0.0, 1.0]
127565   [0.0, 1.0, 0.0, 1.0, 1.0]
86628   [0.0, 1.0, 0.0, 0.0, 1.0]
45668   [1.0, 1.0, 1.0, 1.0, 1]
4718   [0.0, 0.0, 1.0, 0.0, 1.0]
4720   [0.0, 1.0, 1.0, 1.0, 1.0]
86644   [0.0, 1, 1, 0.0, 1.0]
103042   [0.0, 0.0, 0.0, 0.0, 1.0]
78469   [0.0, 0.0, 0.0, 0.0, 1.0]
70286   [0.0, 0.0, 0.0, 0.0, 1.0]
94864   [0.0, 0.0, 0.0, 0.0, 1.0]
111249   [0.0, 0.0, 0.0, 0.0, 1.0]
45720   [0.0, 1.0, 0.0, 1.0, 1.0]
45722   [0.0, 0.0, 0, 0.0, 1.0]
78499   [1, 1, 1, 0, 1]
4776   [0.0, 1.0, 0.0, 0.0, 1.0]
62155   [0.0, 1.0, 0.0, 1, 1.0]
4816   [0, 1.0, 0.0, 0.0, 1.0]
53972   [0.0, 0.0, 1.0, 0.0, 1.0]
4823   [0.0, 1.0, 0.0, 0.0, 1.0]
103141   [0.0, 1.0, 0.0, 0.0, 1.0]
53996   [0.0, 0.0, 0.0, 0.0, 1.0]
78574   [0.0, 1.0, 0.0, 0.0, 1.0]
94959   [0.0, 1.0, 1.0, 0.0, 1.0]
4848   [0, 1.0, 1, 0.0, 0.0]
54001   [0.0, 1.0, 0.0, 0.0, 1.0]
4855   [0.0, 0.0, 0.0, 0.0, 1.0]
94969   [0.0, 1, 1, 1, 1.0]
4857   [0.0, 1.0, 0.0, 0.0, 1.0]
86781   [0.0, 1, 1.0, 0.0, 1.0]
111362   [0.0, 0.0, 0.0, 0.0, 1.0]
4866   [0.0, 0.0, 0.0, 0.0, 1.0]
111364   [0.0, 0.0, 0.0, 0.0, 1.0]
4878   [1.0, 1.0, 1.0, 1.0, 1.0]
4880   [0.0, 1.0, 0.0, 0.0, 1]
4886   [0.0, 0, 0.0, 0.0, 1.0]
111384   [0.0, 1.0, 0.0, 0.0, 1.0]
86815   [0.0, 1.0, 1, 1, 1.0]
4896   [0.0, 0.0, 0.0, 0.0, 1.0]
4901   [0.0, 0.0, 1.0, 1.0, 1.0]
78637   [0.0, 0.0, 0.0, 0.0, 1.0]
86833   [0.0, 1.0, 0.0, 1.0, 0.0]
4920   [1.0, 1.0, 1.0, 1.0, 1.0]
4927   [0.0, 0.0, 0, 0.0, 1.0]
103253   [0.0, 1.0, 0.0, 0.0, 1.0]
86880   [0.0, 0.0, 0.0, 0.0, 1.0]
37729   [0.0, 1.0, 0.0, 0.0, 1.0]
86882   [0.0, 1.0, 0.0, 0, 1.0]
4963   [0.0, 0.0, 0.0, 0.0, 1.0]
37733   [0.0, 1, 1, 1, 1.0]
4966   [0, 0, 1, 1.0, 1.0]
86892   [0.0, 1.0, 1.0, 1.0, 1.0]
37741   [0.0, 1, 0, 0.0, 1.0]
4975   [0.0, 1.0, 0.0, 1.0, 1.0]
86898   [0.0, 1.0, 0.0, 1.0, 1.0]
4979   [0.0, 1.0, 1, 0.0, 1.0]
4993   [0.0, 0, 0.0, 0.0, 1.0]
95105   [0.0, 1, 1, 0.0, 1.0]
4995   [0.0, 1, 0.0, 0, 1.0]
70533   [0.0, 0.0, 1.0, 0.0, 1.0]
5004   [0.0, 1.0, 0.0, 0.0, 1.0]
70541   [0.0, 1.0, 0.0, 0.0, 0.0]
5008   [0.0, 1.0, 0.0, 0.0, 1.0]
5010   [0.0, 0.0, 1, 0.0, 1.0]
103335   [0.0, 0.0, 1, 0.0, 1.0]
103339   [0.0, 0.0, 1, 0, 1.0]
103341   [0.0, 1.0, 0.0, 0.0, 1.0]
78772   [1.0, 1.0, 1.0, 1, 1]
5049   [0.0, 0.0, 0.0, 0.0, 1.0]
95167   [0.0, 1, 0.0, 0.0, 1.0]
5064   [0.0, 1.0, 0.0, 0.0, 1.0]
5066   [1.0, 1.0, 1, 0.0, 1.0]
127974   [0.0, 0.0, 0.0, 1.0, 1.0]
5103   [0, 0, 0, 1.0, 1.0]
54256   [1.0, 0.0, 0.0, 0.0, 1.0]
5105   [0.0, 1.0, 1.0, 1.0, 1.0]
54259   [0.0, 1.0, 0, 0.0, 1.0]
5108   [0.0, 1.0, 0.0, 0, 1]
5110   [0.0, 0.0, 1.0, 0.0, 1.0]
5120   [0.0, 0.0, 1, 0, 1.0]
111617   [1.0, 1.0, 1.0, 1.0, 1.0]
54286   [0.0, 0.0, 0.0, 0.0, 1.0]
5152   [0.0, 0.0, 0.0, 0.0, 1.0]
111659   [0.0, 1.0, 0.0, 0.0, 1.0]
5187   [0.0, 0.0, 0.0, 0.0, 1.0]
95309   [1, 0.0, 0.0, 0, 1.0]
5218   [0.0, 0, 1.0, 0, 1.0]
5247   [0.0, 0.0, 0.0, 0.0, 1.0]
111743   [0.0, 0.0, 1.0, 0.0, 1.0]
111759   [0.0, 0.0, 0.0, 0.0, 1.0]
38038   [0.0, 1.0, 0.0, 0.0, 1.0]
5283   [0.0, 1, 0, 0.0, 1.0]
5291   [0.0, 1.0, 0.0, 0.0, 1.0]
38061   [0.0, 1.0, 0.0, 0.0, 1.0]
5299   [1.0, 1.0, 0.0, 0.0, 1.0]
87222   [0.0, 0.0, 0.0, 0.0, 1.0]
87232   [0.0, 1, 0.0, 0.0, 1.0]
103624   [1, 0.0, 1.0, 1, 1.0]
5349   [0.0, 1.0, 1, 0.0, 1.0]
54503   [1.0, 1.0, 1.0, 0.0, 1.0]
103659   [0.0, 0.0, 1.0, 0.0, 1.0]
79091   [0.0, 0.0, 0.0, 0.0, 1.0]
5377   [1.0, 1.0, 0.0, 1, 1.0]
5388   [0.0, 0.0, 0.0, 0.0, 1.0]
5400   [0.0, 0.0, 0.0, 0.0, 1.0]
79132   [0.0, 0.0, 0.0, 0.0, 1.0]
5418   [0.0, 0.0, 0.0, 0.0, 1.0]
5421   [0.0, 0.0, 1.0, 0.0, 1.0]
136495   [0.0, 1.0, 1.0, 0.0, 1.0]
111921   [0.0, 1.0, 0.0, 0, 1.0]
111924   [0.0, 0.0, 0.0, 1.0, 1.0]
5444   [0.0, 0, 0.0, 0.0, 1.0]
95558   [0.0, 0.0, 0.0, 1.0, 1.0]
120138   [0.0, 1, 0.0, 0.0, 1.0]
95567   [1, 1, 0.0, 1.0, 1.0]
79185   [0.0, 0.0, 0.0, 0.0, 1.0]
5464   [0.0, 0.0, 0.0, 0.0, 1.0]
103772   [0.0, 1, 0.0, 0.0, 1.0]
5481   [0.0, 0.0, 0.0, 0.0, 1.0]
5498   [0.0, 1.0, 1.0, 1.0, 1.0]
5500   [0.0, 0.0, 0.0, 0.0, 1.0]
5502   [0.0, 0, 1.0, 1, 1.0]
103810   [0.0, 0.0, 0.0, 0.0, 1.0]
79242   [1.0, 1.0, 1.0, 1.0, 0.0]
5541   [0.0, 0.0, 0.0, 0.0, 1.0]
95654   [0.0, 1.0, 0.0, 0.0, 0.0]
79293   [0.0, 0.0, 0.0, 0.0, 1.0]
112070   [0.0, 1.0, 0.0, 0.0, 1.0]
5574   [0.0, 1.0, 0.0, 0.0, 1.0]
5577   [1.0, 1.0, 0.0, 0.0, 1.0]
5618   [0.0, 1.0, 0.0, 0.0, 1.0]
46578   [0.0, 0.0, 1, 1.0, 1]
5620   [0.0, 1.0, 1.0, 1.0, 1.0]
79357   [0.0, 1.0, 0.0, 1.0, 1.0]
5630   [0.0, 1.0, 1, 0.0, 1.0]
128520   [0.0, 1.0, 0.0, 0.0, 1.0]
112138   [1, 1.0, 1, 0, 1.0]
5666   [1.0, 0, 0.0, 0.0, 1.0]
5673   [1.0, 1.0, 0.0, 1.0, 1.0]
112171   [0.0, 0.0, 0.0, 0.0, 1]
103980   [0.0, 1.0, 0.0, 1.0, 0.0]
112175   [0.0, 0.0, 0.0, 0.0, 1.0]
5679   [1.0, 1.0, 1.0, 0.0, 1.0]
112183   [0.0, 1.0, 1, 0.0, 1.0]
5690   [0.0, 1.0, 0.0, 0.0, 0.0]
71264   [0.0, 0.0, 0.0, 0, 1.0]
63082   [0.0, 1.0, 0.0, 0.0, 0.0]
95856   [0.0, 1.0, 1.0, 0.0, 1.0]
95873   [0.0, 1, 0.0, 0.0, 1.0]
95875   [0.0, 0, 0.0, 0.0, 1.0]
63113   [0.0, 0.0, 0.0, 0.0, 1.0]
120466   [0.0, 0, 0.0, 0.0, 1.0]
104089   [0.0, 0.0, 0.0, 0.0, 0.0]
63131   [0.0, 0.0, 1.0, 1.0, 1.0]
112290   [1.0, 0.0, 1, 1.0, 1]
5816   [0.0, 0, 0.0, 0, 1.0]
112316   [0.0, 0, 1.0, 1.0, 1.0]
79553   [0.0, 0.0, 0.0, 0.0, 1.0]
95939   [0.0, 0.0, 0.0, 1.0, 1.0]
54997   [0.0, 1, 0.0, 0.0, 1.0]
55052   [0.0, 1.0, 0.0, 1.0, 1.0]
5902   [0.0, 1.0, 0.0, 0.0, 1.0]
5903   [0.0, 0, 0.0, 0.0, 1.0]
104211   [0.0, 1.0, 0.0, 0.0, 1.0]
112421   [1, 1, 1, 0.0, 1.0]
71464   [0.0, 1.0, 0.0, 0, 1.0]
104241   [0.0, 1, 0, 0.0, 1.0]
104243   [0.0, 0.0, 0.0, 0.0, 1.0]
5945   [0.0, 1, 0.0, 1, 0]
55098   [0.0, 0.0, 1.0, 0.0, 1.0]
5952   [0.0, 1.0, 0.0, 0.0, 1.0]
5954   [1.0, 0, 0.0, 1, 1.0]
55118   [0.0, 1.0, 1.0, 0.0, 1.0]
96079   [0.0, 0.0, 0.0, 0.0, 1.0]
5970   [0.0, 1.0, 0, 1.0, 0.0]
5971   [0.0, 1.0, 0.0, 0.0, 1.0]
79702   [1, 1, 1, 0.0, 1.0]
104283   [0.0, 1.0, 0.0, 0.0, 1.0]
5989   [0.0, 1.0, 0, 1.0, 1]
5991   [0.0, 1.0, 0.0, 0.0, 1.0]
79720   [1.0, 1.0, 0.0, 0, 1.0]
71530   [0.0, 0.0, 0.0, 0.0, 1.0]
5995   [0.0, 1, 0.0, 0.0, 1.0]
46976   [0.0, 1.0, 0.0, 1.0, 1.0]
112552   [0.0, 0.0, 0.0, 0.0, 1.0]
112556   [0.0, 1.0, 0.0, 1, 1]
104374   [1.0, 1, 1, 1.0, 1.0]
55232   [0.0, 0.0, 1.0, 0.0, 1.0]
55247   [0.0, 1.0, 1, 1.0, 1.0]
55253   [0.0, 1.0, 0.0, 0.0, 1.0]
120799   [0.0, 0.0, 0.0, 0.0, 1.0]
38886   [0.0, 0.0, 0.0, 0.0, 1.0]
55276   [0.0, 1.0, 0.0, 1.0, 1.0]
112623   [0.0, 0.0, 0.0, 0.0, 1.0]
1218   [0.0, 1, 1.0, 0.0, 1.0]
30707   [0.0, 0.0, 0.0, 1.0, 1.0]
55290   [0.0, 1.0, 0.0, 0.0, 1.0]
47099   [0.0, 1.0, 0.0, 1.0, 1.0]
30749   [0.0, 0.0, 1.0, 0.0, 1.0]
6187   [0.0, 0, 1, 1.0, 1.0]
88125   [0.0, 1.0, 0.0, 0.0, 1.0]
88129   [0.0, 1.0, 0.0, 0.0, 1.0]
55363   [0.0, 0, 0.0, 0.0, 1.0]
104520   [0.0, 0.0, 0.0, 1.0, 1.0]
30793   [0.0, 1.0, 1.0, 0.0, 1.0]
6218   [0.0, 1, 1, 1.0, 0.0]
88140   [0.0, 0.0, 0.0, 0.0, 1.0]
30810   [1.0, 1.0, 1.0, 0.0, 1.0]
30812   [0.0, 1, 1.0, 1.0, 1.0]
30816   [0.0, 1.0, 0.0, 0.0, 1.0]
88163   [1.0, 1.0, 0.0, 1.0, 0.0]
112749   [0.0, 0.0, 0.0, 0.0, 1.0]
88179   [1.0, 1.0, 1, 1.0, 1.0]
96373   [0, 1.0, 0, 0, 1]
6273   [0.0, 0.0, 0.0, 0.0, 1.0]
55442   [0.0, 1.0, 0.0, 0.0, 1.0]
6297   [0.0, 1, 0, 0.0, 1.0]
6301   [0.0, 1.0, 0.0, 0.0, 1.0]
71838   [0.0, 0, 0.0, 0.0, 1.0]
96417   [0.0, 0.0, 0.0, 0.0, 1.0]
96432   [0.0, 0.0, 0, 0.0, 1.0]
6323   [0.0, 0.0, 1.0, 0.0, 1.0]
6350   [0.0, 1, 0, 0.0, 1.0]
112852   [0.0, 1, 0.0, 0.0, 1.0]
71899   [0.0, 1.0, 0.0, 1.0, 1.0]
6365   [0.0, 0.0, 0.0, 0.0, 1.0]
6373   [0.0, 0.0, 0.0, 0.0, 1.0]
6377   [0.0, 0, 0.0, 0, 1.0]
6378   [0.0, 0.0, 0.0, 0.0, 1.0]
112897   [0.0, 0.0, 0.0, 0.0, 1.0]
1274   [0.0, 1, 0.0, 0.0, 1.0]
121103   [1, 0.0, 1.0, 1.0, 1]
39183   [0.0, 0.0, 0.0, 0.0, 1.0]
47382   [1.0, 1.0, 1.0, 0.0, 1.0]
80166   [0.0, 1.0, 0.0, 0.0, 1.0]
6440   [0.0, 0.0, 0.0, 0.0, 1.0]
112940   [0.0, 1.0, 0.0, 0.0, 1.0]
47404   [0.0, 0, 0.0, 0.0, 1.0]
6460   [0.0, 1.0, 0.0, 0.0, 1.0]
6461   [0.0, 0.0, 1.0, 0.0, 1.0]
129354   [0.0, 0.0, 0.0, 0, 1.0]
72011   [1, 1.0, 1, 0, 1]
96588   [0.0, 0.0, 1.0, 0.0, 1.0]
88405   [1, 1.0, 0.0, 0, 1.0]
96610   [0.0, 0, 0.0, 0.0, 1.0]
6502   [0.0, 0.0, 0.0, 0, 1.0]
63859   [0.0, 1.0, 0, 0, 1.0]
63876   [0.0, 0, 0.0, 0.0, 1.0]
104841   [0.0, 0.0, 1.0, 1.0, 1.0]
6539   [0.0, 1, 0.0, 0.0, 1.0]
6537   [0.0, 0.0, 0, 1.0, 1.0]
6565   [0.0, 0.0, 0, 0.0, 1.0]
104879   [0.0, 1.0, 0.0, 0.0, 1.0]
6579   [1.0, 1.0, 0.0, 0.0, 1.0]
6586   [0.0, 1, 1.0, 1.0, 1.0]
104913   [0.0, 0.0, 1, 1.0, 1.0]
55765   [0.0, 0.0, 0.0, 0.0, 1.0]
6615   [0.0, 1.0, 0.0, 0.0, 1.0]
96728   [0.0, 1.0, 0.0, 0.0, 1.0]
96737   [0.0, 0.0, 0, 0, 1.0]
6636   [1.0, 1.0, 1.0, 1.0, 0.0]
104944   [0.0, 1.0, 1.0, 0.0, 1.0]
6643   [0.0, 1.0, 0.0, 1.0, 1]
31225   [0.0, 0.0, 0.0, 1.0, 0.0]
47610   [0.0, 0.0, 1.0, 0.0, 1.0]
6650   [0.0, 1, 0.0, 0.0, 1.0]
55805   [0.0, 1.0, 0.0, 0.0, 1.0]
6659   [0.0, 0.0, 0.0, 0.0, 1.0]
55814   [0.0, 0.0, 0.0, 0.0, 1.0]
6662   [0.0, 0.0, 1, 0.0, 1.0]
55820   [0.0, 1, 0.0, 0.0, 1]
6669   [0.0, 1.0, 0.0, 1.0, 0.0]
47629   [0.0, 0.0, 1, 0.0, 1.0]
39446   [0.0, 1.0, 0.0, 0.0, 1.0]
64034   [0.0, 1.0, 1.0, 1.0, 1.0]
72226   [0.0, 0.0, 0.0, 0.0, 1.0]
96811   [0.0, 0.0, 1.0, 1.0, 1.0]
6708   [0, 1.0, 1, 0, 1.0]
96821   [1, 1.0, 1.0, 1.0, 1.0]
6711   [0, 1.0, 0, 0, 1.0]
55872   [0.0, 0.0, 0.0, 0.0, 1.0]
6724   [0.0, 1.0, 0.0, 0.0, 1.0]
80463   [0.0, 1.0, 0.0, 0.0, 1.0]
113240   [0.0, 1, 0.0, 1.0, 0]
6754   [0.0, 0, 0.0, 0.0, 1.0]
80489   [0, 1.0, 1.0, 0.0, 1.0]
6774   [0.0, 0, 1.0, 0.0, 1.0]
6777   [0.0, 0.0, 0.0, 0.0, 1.0]
113275   [0.0, 1.0, 0.0, 0.0, 1.0]
6787   [0.0, 0.0, 0.0, 0.0, 1.0]
72330   [0, 1, 1.0, 1, 1.0]
6808   [0.0, 0.0, 0.0, 0.0, 1.0]
80549   [1.0, 1.0, 0.0, 0, 0.0]
88744   [0.0, 1, 0.0, 0.0, 1.0]
31420   [0.0, 0, 1, 0.0, 1.0]
6852   [0.0, 0.0, 0.0, 0, 1.0]
64197   [0.0, 0, 0.0, 0.0, 1.0]
96966   [0.0, 1.0, 0.0, 1.0, 0.0]
96969   [0.0, 1.0, 0.0, 0.0, 1.0]
6857   [0.0, 1, 0.0, 0.0, 1.0]
72395   [0.0, 1.0, 0.0, 1.0, 0.0]
80586   [0.0, 1.0, 0.0, 0.0, 1.0]
6863   [0.0, 1, 0.0, 0.0, 1.0]
25788   [0.0, 0.0, 0.0, 0.0, 1.0]
6867   [0.0, 1.0, 0.0, 0.0, 0.0]
6870   [0.0, 0.0, 0.0, 0.0, 1.0]
6879   [0.0, 0.0, 0.0, 0.0, 1.0]
113378   [0.0, 0.0, 0, 0.0, 1.0]
6886   [0.0, 1.0, 0.0, 0.0, 1.0]
88810   [0.0, 1.0, 0.0, 0.0, 1.0]
105197   [0.0, 0.0, 0.0, 1.0, 1.0]
6902   [0.0, 0.0, 0.0, 1.0, 1.0]
6936   [0.0, 1.0, 0.0, 0.0, 1.0]
56093   [0.0, 0.0, 0.0, 0.0, 1.0]
6942   [0.0, 1.0, 0.0, 0.0, 1.0]
64285   [0.0, 1.0, 0, 1, 0]
6947   [0.0, 0.0, 0.0, 0.0, 1.0]
6953   [0.0, 1.0, 0.0, 0, 1.0]
6979   [0.0, 0.0, 0.0, 0.0, 1.0]
6993   [0.0, 0.0, 1, 0.0, 1.0]
56145   [0.0, 0.0, 1.0, 0.0, 1.0]
56152   [0.0, 0.0, 1.0, 1, 1.0]
7013   [0, 0.0, 1, 0.0, 1.0]
7022   [0.0, 1.0, 0.0, 0.0, 1.0]
56174   [0.0, 0.0, 0.0, 0.0, 1.0]
113521   [0.0, 1.0, 0.0, 0.0, 1.0]
7044   [0.0, 0.0, 1.0, 0, 1.0]
97172   [0.0, 1, 0.0, 0.0, 1.0]
7071   [1, 1.0, 1.0, 1.0, 1.0]
7072   [0.0, 1.0, 1, 1.0, 0]
7076   [0.0, 0.0, 0.0, 0.0, 1.0]
113573   [0.0, 0.0, 0.0, 0.0, 1.0]
31658   [0.0, 1.0, 0.0, 0.0, 1.0]
48043   [0.0, 0.0, 0.0, 0.0, 1.0]
7090   [0.0, 0.0, 0.0, 0.0, 1.0]
7099   [0.0, 0, 0.0, 0.0, 1.0]
72641   [1.0, 0.0, 1.0, 1, 1.0]
113604   [1.0, 1.0, 1.0, 1.0, 1.0]
31685   [0.0, 0.0, 0.0, 0.0, 1.0]
80839   [0.0, 1.0, 0.0, 0.0, 1.0]
97225   [0.0, 1.0, 0.0, 0.0, 1.0]
89039   [1.0, 1.0, 0.0, 0.0, 1.0]
31696   [0.0, 0, 0.0, 0.0, 1.0]
7123   [0.0, 1, 0.0, 0.0, 1.0]
105429   [0.0, 0.0, 0.0, 1, 1.0]
7132   [0.0, 1.0, 1.0, 0.0, 1.0]
7143   [0.0, 0.0, 0.0, 0.0, 1.0]
7147   [0.0, 1, 0.0, 0, 1.0]
7153   [0.0, 0.0, 0.0, 0.0, 1.0]
7156   [0, 0.0, 1, 1.0, 1.0]
7158   [0.0, 0.0, 0.0, 1.0, 1.0]
7160   [0.0, 1.0, 0.0, 0.0, 1.0]
7163   [0.0, 0.0, 0.0, 0, 1.0]
7164   [0.0, 1, 1.0, 0.0, 1.0]
72720   [0.0, 1.0, 0.0, 0.0, 1.0]
97304   [0.0, 0.0, 0.0, 0.0, 1.0]
72733   [0.0, 0.0, 1, 1, 1.0]
105504   [0.0, 0.0, 0, 0.0, 1.0]
72737   [0.0, 1.0, 0.0, 0.0, 1.0]
48161   [0.0, 1.0, 0.0, 0.0, 0.0]
72741   [0.0, 1.0, 0.0, 1.0, 1.0]
56367   [1.0, 1.0, 0.0, 0.0, 1.0]
7217   [0.0, 1, 0.0, 0.0, 1.0]
64575   [0, 0.0, 0, 1.0, 1.0]
80969   [0.0, 0, 1.0, 1.0, 1.0]
113741   [0.0, 0.0, 0.0, 0.0, 1.0]
7254   [0.0, 1.0, 0.0, 0.0, 1.0]
64614   [0.0, 1.0, 0.0, 0.0, 1.0]
64620   [0.0, 0.0, 0.0, 0.0, 1.0]
105593   [0.0, 1.0, 0.0, 0.0, 1.0]
7293   [0.0, 1.0, 1.0, 1.0, 0.0]
7317   [1.0, 1.0, 1.0, 1.0, 1.0]
7318   [0.0, 0.0, 0.0, 0.0, 1.0]
113829   [1, 0.0, 0.0, 1, 1.0]
7346   [0.0, 1.0, 0.0, 0.0, 1.0]
7347   [0.0, 1, 0.0, 0.0, 1.0]
7360   [0, 1.0, 0.0, 1, 1.0]
7361   [0.0, 0.0, 0.0, 1.0, 1.0]
64716   [0.0, 0.0, 0.0, 1.0, 1.0]
7386   [0.0, 0, 0.0, 0.0, 1.0]
7387   [0.0, 0.0, 1.0, 1, 1.0]
130284   [0.0, 0.0, 0.0, 0.0, 1.0]
7419   [0.0, 1.0, 0.0, 1.0, 1.0]
48394   [0.0, 0.0, 0.0, 0.0, 1.0]
56587   [0.0, 0.0, 1, 1, 1.0]
7451   [0.0, 1.0, 0.0, 0.0, 1.0]
32029   [0.0, 0, 0.0, 0.0, 1.0]
56607   [0.0, 0.0, 1.0, 0.0, 1.0]
72998   [0.0, 0.0, 0.0, 0.0, 1.0]
73017   [0.0, 0, 0.0, 0.0, 1.0]
64839   [0.0, 1.0, 1.0, 0.0, 1.0]
114028   [0.0, 0.0, 0.0, 1.0, 1.0]
105844   [0.0, 1.0, 0.0, 0.0, 1.0]
48516   [0.0, 0.0, 0.0, 0, 1.0]
56715   [0.0, 0.0, 0, 0.0, 1.0]
7569   [0.0, 0.0, 0.0, 0.0, 1.0]
89492   [0.0, 0.0, 0.0, 0.0, 1.0]
130452   [1.0, 1.0, 1, 0, 1.0]
114074   [1, 1, 0.0, 0.0, 1]
114082   [0.0, 0.0, 0.0, 0.0, 1.0]
56757   [0.0, 1.0, 1, 0, 1.0]
64957   [0.0, 1.0, 0.0, 0.0, 0.0]
56775   [0.0, 0.0, 1.0, 0.0, 1.0]
56782   [0.0, 1, 0.0, 0.0, 1.0]
73168   [0.0, 0, 0, 0.0, 1.0]
48593   [0.0, 1.0, 0.0, 0.0, 1.0]
97752   [0.0, 1, 0.0, 0.0, 1.0]
40412   [0.0, 0.0, 0.0, 1.0, 1.0]
114180   [0.0, 0.0, 1, 0.0, 1.0]
106002   [0.0, 0.0, 1.0, 0.0, 1.0]
48696   [1.0, 1.0, 1.0, 1.0, 0.0]
114246   [0.0, 1.0, 1, 0.0, 1.0]
114250   [0, 1.0, 0.0, 1.0, 1.0]
97870   [0.0, 1.0, 0.0, 0.0, 1]
7766   [0.0, 0, 0.0, 0.0, 1.0]
106072   [0.0, 0.0, 0.0, 0.0, 1.0]
48738   [0.0, 0.0, 0.0, 1.0, 1.0]
73321   [0.0, 0.0, 1, 1, 1.0]
106100   [0.0, 1.0, 0.0, 0, 1.0]
56949   [1, 1.0, 0.0, 1.0, 1.0]
97913   [0.0, 0, 0.0, 0.0, 1.0]
97921   [0.0, 1.0, 1.0, 1, 1.0]
97923   [0.0, 1, 0.0, 1, 1.0]
48774   [0.0, 0.0, 0.0, 0.0, 1.0]
7815   [0.0, 0.0, 0.0, 0.0, 1.0]
7817   [0.0, 0.0, 0.0, 0.0, 1.0]
48780   [0.0, 1.0, 0.0, 0.0, 1.0]
97938   [0.0, 1.0, 0, 0.0, 1.0]
89753   [0.0, 0.0, 0.0, 0.0, 1.0]
81562   [0.0, 1.0, 1, 0.0, 1]
81564   [0.0, 0, 0.0, 0.0, 1.0]
89774   [0.0, 1.0, 1.0, 0.0, 1.0]
40629   [0.0, 1.0, 1.0, 1.0, 1.0]
81591   [0.0, 1, 0.0, 1.0, 1.0]
65216   [0.0, 0.0, 0.0, 0.0, 1.0]
89804   [0.0, 0, 0.0, 1.0, 1.0]
122577   [0.0, 0.0, 0.0, 0.0, 1.0]
98017   [0.0, 1.0, 1.0, 1.0, 1.0]
81641   [0.0, 0.0, 1, 0.0, 1.0]
89837   [0.0, 1, 0.0, 0.0, 1.0]
32497   [0.0, 1.0, 0.0, 0.0, 1.0]
7925   [0.0, 1.0, 0.0, 0.0, 1.0]
7926   [0.0, 1.0, 0.0, 0.0, 1.0]
89864   [1.0, 1.0, 0.0, 1.0, 1.0]
65293   [0.0, 0.0, 0.0, 1.0, 1.0]
32554   [0.0, 0.0, 0.0, 0.0, 1.0]
7980   [0, 0.0, 0.0, 0.0, 1.0]
7981   [0.0, 0.0, 1.0, 1.0, 1.0]
32587   [0.0, 1, 0.0, 0.0, 1.0]
48982   [0.0, 0.0, 0.0, 0.0, 1.0]
8033   [0.0, 1, 1.0, 1.0, 1]
48997   [0.0, 0.0, 0.0, 0.0, 1.0]
98154   [1, 0.0, 0.0, 1, 1.0]
40815   [0.0, 0.0, 1, 1.0, 1.0]
40819   [0.0, 1, 0.0, 0.0, 1.0]
81782   [0.0, 0.0, 1.0, 0.0, 1.0]
40826   [0.0, 1.0, 0.0, 1, 1.0]
8094   [0.0, 0.0, 0.0, 0.0, 1.0]
114601   [1.0, 1.0, 1.0, 1.0, 1.0]
81834   [0.0, 1.0, 0.0, 0.0, 1.0]
81845   [0.0, 0.0, 1.0, 1.0, 1.0]
81847   [0.0, 1.0, 0.0, 0, 1.0]
8125   [0.0, 1.0, 1.0, 0.0, 1.0]
98243   [0.0, 1.0, 0.0, 0.0, 1.0]
8132   [0.0, 1.0, 0.0, 0.0, 1.0]
106438   [0.0, 1.0, 0.0, 0.0, 1.0]
90057   [0, 0.0, 0.0, 1.0, 1.0]
106452   [1, 1.0, 0.0, 0, 0]
65514   [0.0, 0.0, 0.0, 0.0, 1.0]
8188   [0.0, 1.0, 0.0, 0.0, 1.0]
